"x","y","MAP","MAP_Seas","MAT","MAT_Seas","Agriculture","Dist_Urban","Forest_Coni","Forest_Deci","NDVI","Pastures","Pop_Dens","Shrubland","Aspect","Dist_Coast","Dist_River","Elev","Slope","CEC","Clay.Silt","Cu","Hg","Moisture","N","P","pH","SOC"
1,0.47,-0.34,0.07,-0.53,0.84,-0.15,0.15,0.32,0.17,-0.02,-0.35,-0.09,-0.05,-0.17,0.24,-0.19,-0.15,0.1,0.1,-0.27,-0.17,-0.14,0.01,-0.3,-0.19,-0.32,-0.18
0.47,1,0.01,-0.2,-0.88,0.47,-0.46,0.45,0.54,-0.07,0.05,-0.17,-0.09,0.05,-0.25,-0.11,-0.37,-0.31,0.31,-0.36,-0.61,-0.54,0.07,0.04,-0.1,0.12,-0.74,0.23
-0.34,0.01,1,-0.14,-0.15,-0.39,-0.37,0.12,-0.01,0.12,0.27,0.33,-0.03,0.13,0.08,-0.14,0.02,0.35,-0.48,0.02,0.03,0.13,0.5,0.1,0.66,-0.06,-0.19,0.55
0.07,-0.2,-0.14,1,0.15,0.14,-0.04,0.2,0.04,-0.03,-0.36,-0.21,-0.07,0.35,-0.08,-0.07,0.16,0.19,-0.15,-0.02,-0.06,0.14,-0.15,-0.25,-0.23,-0.45,0.08,-0.27
-0.53,-0.88,-0.15,0.15,1,-0.57,0.57,-0.49,-0.56,-0.06,-0.02,0.1,0.15,-0.12,0.18,-0.06,0.34,-0.13,0.04,0.29,0.52,0.48,-0.21,0.01,-0.07,0.04,0.72,-0.22
0.84,0.47,-0.39,0.14,-0.57,1,-0.16,0.27,0.4,0.14,-0.22,-0.42,-0.13,0.03,-0.14,0.34,-0.33,0.01,0.1,-0.01,-0.27,-0.21,-0.2,-0.13,-0.41,-0.3,-0.3,-0.31
-0.15,-0.46,-0.37,-0.04,0.57,-0.16,1,-0.4,-0.54,-0.27,-0.2,-0.17,0.01,-0.35,0.2,0.11,0.14,-0.26,0.28,0.18,0.43,0.23,-0.33,-0.02,-0.25,0.35,0.65,-0.31
0.15,0.45,0.12,0.2,-0.49,0.27,-0.4,1,0.3,-0.01,-0.25,-0.13,-0.18,0.36,-0.15,-0.12,-0.14,0.15,-0.01,-0.15,-0.32,-0.2,-0.03,-0.23,-0.06,-0.28,-0.32,0.04
0.32,0.54,-0.01,0.04,-0.56,0.4,-0.54,0.3,1,-0.17,0.16,-0.27,-0.14,0.04,-0.1,-0.05,-0.22,0.04,0.02,-0.31,-0.54,-0.36,0.12,0.1,-0.18,-0.27,-0.66,0.1
0.17,-0.07,0.12,-0.03,-0.06,0.14,-0.27,-0.01,-0.17,1,0.33,-0.12,-0.07,-0.03,0.09,0.17,-0.01,0.17,-0.26,0.09,0.11,0.1,0.04,0.04,0.15,-0.3,-0.1,-0.01
-0.02,0.05,0.27,-0.36,-0.02,-0.22,-0.2,-0.25,0.16,0.33,1,0.26,-0.1,-0.17,0.22,0.04,-0.01,-0.18,-0.01,-0.03,-0.04,-0.03,0.17,0.37,0.3,0.13,-0.37,0.36
-0.35,-0.17,0.33,-0.21,0.1,-0.42,-0.17,-0.13,-0.27,-0.12,0.26,1,-0.02,-0.11,0.15,0,0.14,0.17,-0.17,0.11,0.17,0.06,0.25,0.03,0.51,0.26,0.09,0.3
-0.09,-0.09,-0.03,-0.07,0.15,-0.13,0.01,-0.18,-0.14,-0.07,-0.1,-0.02,1,-0.12,0,-0.01,0.04,-0.11,0.06,0,0.09,0.12,0.08,0.01,-0.02,0.13,0.13,-0.06
-0.05,0.05,0.13,0.35,-0.12,0.03,-0.35,0.36,0.04,-0.03,-0.17,-0.11,-0.12,1,0,-0.2,0,0.26,-0.2,-0.06,-0.17,-0.02,-0.03,-0.15,0.01,-0.34,-0.09,0.01
-0.17,-0.25,0.08,-0.08,0.18,-0.14,0.2,-0.15,-0.1,0.09,0.22,0.15,0,0,1,0.14,0.05,0.14,-0.11,0.02,0.14,0.06,-0.01,0.03,0.08,-0.01,0.16,0.04
0.24,-0.11,-0.14,-0.07,-0.06,0.34,0.11,-0.12,-0.05,0.17,0.04,0,-0.01,-0.2,0.14,1,-0.08,0.18,-0.01,0,0.25,-0.11,-0.02,-0.03,-0.08,-0.05,0.03,-0.18
-0.19,-0.37,0.02,0.16,0.34,-0.33,0.14,-0.14,-0.22,-0.01,-0.01,0.14,0.04,0,0.05,-0.08,1,0.11,-0.15,0.13,0.26,0.24,0.01,-0.03,0.1,0.01,0.31,-0.04
-0.15,-0.31,0.35,0.19,-0.13,0.01,-0.26,0.15,0.04,0.17,-0.18,0.17,-0.11,0.26,0.14,0.18,0.11,1,-0.75,0.1,0.2,0.18,0.31,-0.17,0.38,-0.36,0.12,0.01
0.1,0.31,-0.48,-0.15,0.04,0.1,0.28,-0.01,0.02,-0.26,-0.01,-0.17,0.06,-0.2,-0.11,-0.01,-0.15,-0.75,1,-0.2,-0.2,-0.32,-0.39,0.04,-0.49,0.28,-0.12,-0.15
0.1,-0.36,0.02,-0.02,0.29,-0.01,0.18,-0.15,-0.31,0.09,-0.03,0.11,0,-0.06,0.02,0,0.13,0.1,-0.2,1,0.48,0.48,0.08,-0.08,0.23,-0.17,0.5,-0.01
-0.27,-0.61,0.03,-0.06,0.52,-0.27,0.43,-0.32,-0.54,0.11,-0.04,0.17,0.09,-0.17,0.14,0.25,0.26,0.2,-0.2,0.48,1,0.55,0.04,-0.12,0.22,0.02,0.68,-0.22
-0.17,-0.54,0.13,0.14,0.48,-0.21,0.23,-0.2,-0.36,0.1,-0.03,0.06,0.12,-0.02,0.06,-0.11,0.24,0.18,-0.32,0.48,0.55,1,0.05,-0.12,0.18,-0.14,0.53,-0.11
-0.14,0.07,0.5,-0.15,-0.21,-0.2,-0.33,-0.03,0.12,0.04,0.17,0.25,0.08,-0.03,-0.01,-0.02,0.01,0.31,-0.39,0.08,0.04,0.05,1,0.15,0.59,0.01,-0.21,0.36
0.01,0.04,0.1,-0.25,0.01,-0.13,-0.02,-0.23,0.1,0.04,0.37,0.03,0.01,-0.15,0.03,-0.03,-0.03,-0.17,0.04,-0.08,-0.12,-0.12,0.15,1,0.12,0.13,-0.2,0.18
-0.3,-0.1,0.66,-0.23,-0.07,-0.41,-0.25,-0.06,-0.18,0.15,0.3,0.51,-0.02,0.01,0.08,-0.08,0.1,0.38,-0.49,0.23,0.22,0.18,0.59,0.12,1,0.07,-0.03,0.48
-0.19,0.12,-0.06,-0.45,0.04,-0.3,0.35,-0.28,-0.27,-0.3,0.13,0.26,0.13,-0.34,-0.01,-0.05,0.01,-0.36,0.28,-0.17,0.02,-0.14,0.01,0.13,0.07,1,0.06,0.16
-0.32,-0.74,-0.19,0.08,0.72,-0.3,0.65,-0.32,-0.66,-0.1,-0.37,0.09,0.13,-0.09,0.16,0.03,0.31,0.12,-0.12,0.5,0.68,0.53,-0.21,-0.2,-0.03,0.06,1,-0.32
-0.18,0.23,0.55,-0.27,-0.22,-0.31,-0.31,0.04,0.1,-0.01,0.36,0.3,-0.06,0.01,0.04,-0.18,-0.04,0.01,-0.15,-0.01,-0.22,-0.11,0.36,0.18,0.48,0.16,-0.32,1
