"Variables","VIF_raw","VIF","MAP","MAP_Seas","MAT","MAT_Seas","Snow","Agriculture","Dist_Urb","Forest_Coni_2012","Forest_Deci_2012","Pastures","Pop_Dens","Shrubland","NDVI","Aspect","Dist_Coast","Dist_River","Elev","Slope","CEC","Clay","Cu","Hg","N","P","pH","Silt","SOC","Moisture"
"Aridity",11.8768338640922,NA,NA,NA,NA,NA,NA,NA,NA,NA,NA,NA,NA,NA,NA,NA,NA,NA,NA,NA,NA,NA,NA,NA,NA,NA,NA,NA,NA,NA
"MAP",8.78447208849501,2.79498851304816,1,-0.141811448026467,-0.122056630097547,-0.42624556196088,-0.170275934708688,-0.305742126442669,0.0879263681471358,0.00598125323122648,0.162157641882835,0.20684187362597,-0.0418849588594816,0.038184499232384,0.332671930194537,-0.0132545343375651,-0.157143286621053,0.0805636761186883,0.31368666955876,-0.417631538239573,0.0672634089875001,0.0313532874692814,0.105403320312673,0.429033940713741,0.602040245275767,-0.0417432291162287,-0.209584313450067,0.035240186889219,0.526564717787053,0.14560602653839
"MAP_Seas",1.89544028241491,1.90406192213163,-0.141811448026467,1,0.136661591826969,0.187638168529577,0.239412068532593,-0.0553032638884178,0.187928419642784,0.0570352263299556,-0.0309695781678458,-0.130475191735299,-0.109495636495364,0.239789984911701,-0.371567299036865,-0.0938744757998479,-0.0320823017103129,0.00471004892433832,0.206796068902629,-0.150315103248978,-0.0441110428749765,-0.0887795813037691,0.105425090609616,-0.147628812193136,-0.213892364643053,-0.375364948638767,0.0439050225646697,-0.0651833066807902,-0.235329573302943,-0.233057545488574
"MAT",10.5798152269791,6.83397025746336,-0.122056630097547,0.136661591826969,1,-0.548791820665274,-0.512831674025902,0.436777413158041,-0.521727654048425,-0.479432768954784,-0.0670165934100171,0.0999932236194613,0.143001179839633,-0.0500105361117035,-0.0943005083872154,0.102892902013721,-0.0403240131751691,0.314904214121946,-0.0529315276339085,-0.00137005780832602,0.246966067570042,0.606895833093948,0.474566272051386,-0.183268467187242,0.0312768278617248,0.0327002372814443,0.70877044386429,0.323314476490253,-0.126637397626277,0.0121055677736252
"MAT_Seas",6.28562684930539,5.68670143546059,-0.42624556196088,0.187638168529577,-0.548791820665274,1,0.528545963850921,-0.125998754683747,0.317225102482907,0.314267704642493,0.0544990767850661,-0.264957159442473,-0.139218989920066,0.0177219239039603,-0.260541237042991,-0.100365295883552,0.364293987247536,-0.322354759408054,-0.0127530742837289,0.0662387703409133,-0.0102917532380539,-0.350330319917582,-0.17598231984895,-0.165703426011752,-0.459481163114728,-0.266115577561005,-0.249057896363312,-0.187158199969446,-0.382746429661757,-0.174892446550021
"Snow",2.44746904261896,2.26308746945604,-0.170275934708688,0.239412068532593,-0.512831674025902,0.528545963850921,1,-0.226844770149516,0.4368051080142,0.411003407751845,-0.0320704149448958,-0.215813516368339,-0.147152770069197,0.197661745715522,-0.197411336508725,-0.0690708447332978,-0.114990067747277,-0.202339564401658,-0.0644740409761268,0.119467022363775,-0.127983575908103,-0.418727662476821,-0.208336996468651,-0.0831991920021534,-0.322608631169599,-0.192494794713047,-0.352660697714529,-0.251337136973608,-0.126018371825533,-0.141010753225699
"Agriculture",5.91077810588175,7.17238046777737,-0.305742126442669,-0.0553032638884178,0.436777413158041,-0.125998754683747,-0.226844770149516,1,-0.329223815125023,-0.47349480820006,-0.327414683848969,-0.246912116884385,0.0367131129354128,-0.272216204670068,-0.333617695315009,0.0394407909076428,0.11292374695921,0.162115780717258,-0.229763911842914,0.243751259881345,0.134816965646483,0.325694285313731,0.182024223568397,-0.254697139030573,-0.155140487497576,0.408884357032332,0.571078092948773,0.276314784613573,-0.191431798858285,0.00092269192550459
"Dist_Urb",1.92269292179003,1.94831114338933,0.0879263681471358,0.187928419642784,-0.521727654048425,0.317225102482907,0.4368051080142,-0.329223815125023,1,0.308376813240065,0.0347936296217103,-0.12563609040108,-0.202086537971257,0.232096972078834,-0.163167214951269,-0.0798394029335153,-0.109440634284168,-0.129931230817201,0.107753318178094,-0.0195706855895745,-0.127481310019101,-0.368515386469898,-0.190161643218143,-0.0294524729140347,-0.155181401340775,-0.264631434757189,-0.346876984287459,-0.197396962932879,-0.0113224907171153,-0.224557103767727
"Forest_Coni_2012",4.90933073009208,6.20383025189353,0.00598125323122648,0.0570352263299556,-0.479432768954784,0.314267704642493,0.411003407751845,-0.47349480820006,0.308376813240065,1,-0.206344338691831,-0.221761657733701,-0.149658718476,-0.0416759707323255,0.165484500020458,-0.059795630743547,-0.0690955903000122,-0.245190028019708,0.0376939448431625,0.0349262993359318,-0.224377297599157,-0.471793296945236,-0.298482309176592,0.135356813804486,-0.171185029162601,-0.262251191048717,-0.579196597437575,-0.342423478963711,0.0538764998010457,0.0181976491676498
"Forest_Deci_2012",3.6954333826412,4.69137790882965,0.162157641882835,-0.0309695781678458,-0.0670165934100171,0.0544990767850661,-0.0320704149448958,-0.327414683848969,0.0347936296217103,-0.206344338691831,1,-0.136696458810532,-0.0324506109424942,-0.0833026050380256,0.315627893899944,-0.0151525838912321,0.00543969006462179,0.0504865869741789,0.18573324696619,-0.351627583124151,0.0447848115517723,0.0518703865992378,0.0677413841402355,0.10350803980294,0.165226808039068,-0.298992389212204,-0.114843869194439,0.0319282230069399,0.011556976133265,0.0603919126863557
"Pastures",3.17003853206872,3.71032179851059,0.20684187362597,-0.130475191735299,0.0999932236194613,-0.264957159442473,-0.215813516368339,-0.246912116884385,-0.12563609040108,-0.221761657733701,-0.136696458810532,1,-0.000779039339295589,-0.14380241074767,0.180251640203885,0.0498692291725468,0.0541785717264879,0.101552655889019,0.0802321332706528,-0.0275721559918075,0.0459242359801392,0.200307257158449,0.0655372327927073,0.0919160871834698,0.338434679175273,0.218477808143914,0.0769366872584823,0.112244157787022,0.169167208150997,0.00684203817842682
"Pop_Dens",1.40874242013651,1.31201925459722,-0.0418849588594816,-0.109495636495364,0.143001179839633,-0.139218989920066,-0.147152770069197,0.0367131129354128,-0.202086537971257,-0.149658718476,-0.0324506109424942,-0.000779039339295589,1,-0.100841817502022,-0.054374252681087,0.0169051154843035,0.0631846675568912,0.0305778261597561,-0.107353859246491,0.0543952225805845,-0.0213425663584541,0.0880012667191247,0.060071899943904,0.0696195683695429,0.0328258357082296,0.154714833681413,0.13387478742898,0.0833447943448159,-0.0647056783402623,0.0518055952410463
"Shrubland",2.36845304056086,2.73624481497418,0.038184499232384,0.239789984911701,-0.0500105361117035,0.0177219239039603,0.197661745715522,-0.272216204670068,0.232096972078834,-0.0416759707323255,-0.0833026050380256,-0.14380241074767,-0.100841817502022,1,-0.0912620479251809,0.0659609124329247,-0.149480066960576,0.00898755576459826,0.115156262227364,-0.0886311735175031,-0.049943835521558,-0.159260899602449,-0.0469007328452822,-0.0841038499282521,-0.0666988212045995,-0.279845646216213,-0.095809808672962,-0.122558804614316,-0.000671137530056789,-0.0323749173480265
"NDVI",3.52752400408099,3.28538692677644,0.332671930194537,-0.371567299036865,-0.0943005083872154,-0.260541237042991,-0.197411336508725,-0.333617695315009,-0.163167214951269,0.165484500020458,0.315627893899944,0.180251640203885,-0.054374252681087,-0.0912620479251809,1,-0.0269660294725875,-0.0546813936554321,0.000236787125839404,-0.152135327862472,-0.00917793627101575,-0.0456628763982194,-0.0682261938915835,-0.0656543542544964,0.210136203993542,0.368701938724726,0.0284096277371863,-0.434907474591921,-0.0538893559037946,0.351480311161364,0.350300763063457
"Aspect",1.03610676664916,1.12724504810704,-0.0132545343375651,-0.0938744757998479,0.102892902013721,-0.100365295883552,-0.0690708447332978,0.0394407909076428,-0.0798394029335153,-0.059795630743547,-0.0151525838912321,0.0498692291725468,0.0169051154843035,0.0659609124329247,-0.0269660294725875,1,0.112043061351991,0.0778800343451709,0.12186787683165,-0.105580513864089,0.0197782315146606,0.127463494225978,0.0817099222908939,0.0244274688774213,0.0530214399650652,-0.0161879371330515,0.138098655091539,0.0562555113667573,-0.00622776739197419,0.0261514372225441
"Dist_Coast",1.91077287979036,1.98070361368016,-0.157143286621053,-0.0320823017103129,-0.0403240131751691,0.364293987247536,-0.114990067747277,0.11292374695921,-0.109440634284168,-0.0690955903000122,0.00543969006462179,0.0541785717264879,0.0631846675568912,-0.149480066960576,-0.0546813936554321,0.112043061351991,1,0.00810854185775254,0.163516522041991,0.0245651803733487,0.0714484809129131,0.141194675986549,-0.0574680353983962,-0.0625895112636144,-0.0903332356337084,-0.0428117344081022,0.0864713071199815,0.241906113485612,-0.203529651567606,-0.0313303509063725
"Dist_River",1.32644747365351,1.36266479201007,0.0805636761186883,0.00471004892433832,0.314904214121946,-0.322354759408054,-0.202339564401658,0.162115780717258,-0.129931230817201,-0.245190028019708,0.0504865869741789,0.101552655889019,0.0305778261597561,0.00898755576459826,0.000236787125839404,0.0778800343451709,0.00810854185775254,1,0.255752042167384,-0.154827520570834,0.110619947936207,0.344123161871427,0.225082253219233,-0.027085238559076,0.191137828653008,0.033353699851942,0.34147197789316,0.222636334998553,-0.000510091649866341,-0.0029547631445087
"Elev",3.97191740657816,2.86509285628462,0.31368666955876,0.206796068902629,-0.0529315276339085,-0.0127530742837289,-0.0644740409761268,-0.229763911842914,0.107753318178094,0.0376939448431625,0.18573324696619,0.0802321332706528,-0.107353859246491,0.115156262227364,-0.152135327862472,0.12186787683165,0.163516522041991,0.255752042167384,1,-0.655353190370838,0.147047756531839,0.235234267771068,0.241015122820848,0.176945366599239,0.283054182092997,-0.34997602279956,0.130869857174717,0.176836166807707,-0.0467080129126998,-0.119105648277065
"Slope",2.77012382230918,2.60927341501978,-0.417631538239573,-0.150315103248978,-0.00137005780832602,0.0662387703409133,0.119467022363775,0.243751259881345,-0.0195706855895745,0.0349262993359318,-0.351627583124151,-0.0275721559918075,0.0543952225805845,-0.0886311735175031,-0.00917793627101575,-0.105580513864089,0.0245651803733487,-0.154827520570834,-0.655353190370838,1,-0.164838599963846,-0.196601187125033,-0.340363718803634,-0.264795329026945,-0.317552308202811,0.262685017674229,-0.110894068436383,-0.109297728681539,-0.0453144204800542,-0.00623412117894899
"CEC",2.11660196629083,2.1079216287398,0.0672634089875001,-0.0441110428749765,0.246966067570042,-0.0102917532380539,-0.127983575908103,0.134816965646483,-0.127481310019101,-0.224377297599157,0.0447848115517723,0.0459242359801392,-0.0213425663584541,-0.049943835521558,-0.0456628763982194,0.0197782315146606,0.0714484809129131,0.110619947936207,0.147047756531839,-0.164838599963846,1,0.527186246377557,0.479721925449487,0.0914119313134779,0.263987301684253,-0.161502920327791,0.441588928272098,0.279814122196679,0.0838435361270597,-0.0881842848912263
"Clay",4.47217924069481,4.72602393556939,0.0313532874692814,-0.0887795813037691,0.606895833093948,-0.350330319917582,-0.418727662476821,0.325694285313731,-0.368515386469898,-0.471793296945236,0.0518703865992378,0.200307257158449,0.0880012667191247,-0.159260899602449,-0.0682261938915835,0.127463494225978,0.141194675986549,0.344123161871427,0.235234267771068,-0.196601187125033,0.527186246377557,1,0.632544480140822,0.013853665340999,0.27854583978121,0.00568339223275737,0.72937488040196,0.65971935145207,-0.119304583897874,-0.0761780749142376
"Cu",2.23673913733094,2.43551265369835,0.105403320312673,0.105425090609616,0.474566272051386,-0.17598231984895,-0.208336996468651,0.182024223568397,-0.190161643218143,-0.298482309176592,0.0677413841402355,0.0655372327927073,0.060071899943904,-0.0469007328452822,-0.0656543542544964,0.0817099222908939,-0.0574680353983962,0.225082253219233,0.241015122820848,-0.340363718803634,0.479721925449487,0.632544480140822,1,0.0169482210888555,0.185164578821523,-0.133763046599125,0.531424238431362,0.437848278454371,-0.0708238854100584,-0.111296353011734
"Hg",1.7002004549384,1.57693193976887,0.429033940713741,-0.147628812193136,-0.183268467187242,-0.165703426011752,-0.0831991920021534,-0.254697139030573,-0.0294524729140347,0.135356813804486,0.10350803980294,0.0919160871834698,0.0696195683695429,-0.0841038499282521,0.210136203993542,0.0244274688774213,-0.0625895112636144,-0.027085238559076,0.176945366599239,-0.264795329026945,0.0914119313134779,0.013853665340999,0.0169482210888555,1,0.449287944121715,-0.000762534768522736,-0.235609819329625,-0.0255256910010476,0.300773819227183,0.180223978137986
"N",2.52000620533976,2.59992036888764,0.602040245275767,-0.213892364643053,0.0312768278617248,-0.459481163114728,-0.322608631169599,-0.155140487497576,-0.155181401340775,-0.171185029162601,0.165226808039068,0.338434679175273,0.0328258357082296,-0.0666988212045995,0.368701938724726,0.0530214399650652,-0.0903332356337084,0.191137828653008,0.283054182092997,-0.317552308202811,0.263987301684253,0.27854583978121,0.185164578821523,0.449287944121715,1,0.0662111906773035,-0.00863066041618129,0.180347553135431,0.446567715239111,0.177816290771898
"P",2.40247516154058,2.38833953963142,-0.0417432291162287,-0.375364948638767,0.0327002372814443,-0.266115577561005,-0.192494794713047,0.408884357032332,-0.264631434757189,-0.262251191048717,-0.298992389212204,0.218477808143914,0.154714833681413,-0.279845646216213,0.0284096277371863,-0.0161879371330515,-0.0428117344081022,0.033353699851942,-0.34997602279956,0.262685017674229,-0.161502920327791,0.00568339223275737,-0.133763046599125,-0.000762534768522736,0.0662111906773035,1,0.116869373253417,0.0629058286087486,0.14010649964402,0.07809298397114
"pH",6.50146608139026,7.1803671972568,-0.209584313450067,0.0439050225646697,0.70877044386429,-0.249057896363312,-0.352660697714529,0.571078092948773,-0.346876984287459,-0.579196597437575,-0.114843869194439,0.0769366872584823,0.13387478742898,-0.095809808672962,-0.434907474591921,0.138098655091539,0.0864713071199815,0.34147197789316,0.130869857174717,-0.110894068436383,0.441588928272098,0.72937488040196,0.531424238431362,-0.235609819329625,-0.00863066041618129,0.116869373253417,1,0.493244142587338,-0.298409962743157,-0.164830422716242
"Silt",2.14325578861213,2.09603620469732,0.035240186889219,-0.0651833066807902,0.323314476490253,-0.187158199969446,-0.251337136973608,0.276314784613573,-0.197396962932879,-0.342423478963711,0.0319282230069399,0.112244157787022,0.0833447943448159,-0.122558804614316,-0.0538893559037946,0.0562555113667573,0.241906113485612,0.222636334998553,0.176836166807707,-0.109297728681539,0.279814122196679,0.65971935145207,0.437848278454371,-0.0255256910010476,0.180347553135431,0.0629058286087486,0.493244142587338,1,-0.17658203742008,-0.093706429644021
"SOC",1.97993544440632,2.02958867223631,0.526564717787053,-0.235329573302943,-0.126637397626277,-0.382746429661757,-0.126018371825533,-0.191431798858285,-0.0113224907171153,0.0538764998010457,0.011556976133265,0.169167208150997,-0.0647056783402623,-0.000671137530056789,0.351480311161364,-0.00622776739197419,-0.203529651567606,-0.000510091649866341,-0.0467080129126998,-0.0453144204800542,0.0838435361270597,-0.119304583897874,-0.0708238854100584,0.300773819227183,0.446567715239111,0.14010649964402,-0.298409962743157,-0.17658203742008,1,0.167299103854137
"Moisture",1.27892674192731,1.30048502070842,0.14560602653839,-0.233057545488574,0.0121055677736252,-0.174892446550021,-0.141010753225699,0.00092269192550459,-0.224557103767727,0.0181976491676498,0.0603919126863557,0.00684203817842682,0.0518055952410463,-0.0323749173480265,0.350300763063457,0.0261514372225441,-0.0313303509063725,-0.0029547631445087,-0.119105648277065,-0.00623412117894899,-0.0881842848912263,-0.0761780749142376,-0.111296353011734,0.180223978137986,0.177816290771898,0.07809298397114,-0.164830422716242,-0.093706429644021,0.167299103854137,1
